# Set de archivos de ejemplo.
#
# Para obtenerlos se ejecutó lo siguiente:
#
#   $ ./test.py
#
# Dentro del archivo test.py se explican los pasos realizados.
#
#id,este(m),norte(m)
10,-717.521,-294.259
11,-710.427,-301.308
12,-712.458,-303.358
13,-720.982,-311.965
14,-728.076,-304.917
15,-719.141,-295.895
16,-823.055,-189.402
17,-824.687,-191.050
18,-833.610,-200.060
19,1194.826,-336.827
20,1193.845,-346.779
21,1179.863,-3.030
22,1186.806,-84.952
23,1199.822,-100.894
24,1197.595,-140.642
25,1212.412,-160.193
26,1204.252,-229.721
27,1203.046,-313.021
28,1195.948,-325.457
29,1190.689,-378.783
30,1200.048,-388.082
31,-88.815,326.356
32,-95.919,333.394
33,193.793,611.715
34,186.699,618.763
35,1228.676,-350.213
36,1229.658,-340.261
37,1227.695,-360.165
38,1230.046,-336.322
39,1237.911,-322.542
40,1227.695,-360.165
41,1514.922,170.496
42,1488.055,186.348
43,1488.995,201.656
44,1508.741,196.912
45,1508.268,189.201
46,1495.252,166.117
47,1331.542,181.333
48,1523.696,153.443
49,1560.218,59.474
50,1541.221,53.143
51,1509.730,134.166
52,1562.315,-22.277
53,1220.767,-71.205
54,1216.681,-23.000
55,1248.815,-150.280
56,1239.223,-232.020
57,1233.260,-129.755
58,1235.528,-89.284
59,1495.252,166.117
60,1509.730,134.166
61,1578.509,-5.925
62,1565.958,392.726
63,1567.822,382.902
64,1561.840,414.435
65,1585.608,396.453
66,1578.918,431.721
67,1587.471,386.629
68,1588.620,380.575
69,1718.092,572.589
70,1936.604,355.667
71,81.165,723.620
72,744.544,764.066

